2
3
5
7
11
13
17
19
23
29
31
37
41
43
47
53
59
61
67
71
73
79
83
89
97
101
103
107
109
113
127
131
137
139
149
151
157
163
167
173
179
181
191
193
197
199
211
223
227
229
233
239
241
251
257
263
269
271
277
281
283
293
307
311
313
317
331
337
347
349
353
359
367
373
379
383
389
397
401
409
419
421
431
433
439
443
449
457
461
463
467
479
487
491
499
503
509
521
523
541
547
557
563
569
571
577
587
593
599
601
607
613
617
619
631
641
643
647
653
659
661
673
677
683
691
701
709
719
727
733
739
743
751
757
761
769
773
787
797
809
811
821
823
827
829
839
853
857
859
863
877
881
883
887
907
911
919
929
937
941
947
953
967
971
977
983
991
997
1009
1013
1019
1021
1031
1033
1039
1049
1051
1061
1063
1069
1087
1091
1093
1097
1103
1109
1117
1123
1129
1151
1153
1163
1171
1181
1187
1193
1201
1213
1217
1223
1229
1231
1237
1249
1259
1277
1279
1283
1289
1291
1297
1301
1303
1307
1319
1321
1327
1361
1367
1373
1381
1399
1409
1423
1427
1429
1433
1439
1447
1451
1453
1459
1471
1481
1483
1487
1489
1493
1499
1511
1523
1531
1543
1549
1553
1559
1567
1571
1579
1583
1597
1601
1607
1609
1613
1619
1621
1627
1637
1657
1663
1667
1669
1693
1697
1699
1709
1721
1723
1733
1741
1747
1753
1759
1777
1783
1787
1789
1801
1811
1823
1831
1847
50021
1861
1867
1871
1873
1877
1879
1889
1901
1907
1913
1931
1933
1949
1951
1973
1979
1987
1993
1997
1999
2003
2011
2017
2027
2029
50023
2039
2053
2063
2069
2081
2083
2087
2089
2099
2111
2113
2129
2131
2137
2141
2143
2153
2161
2179
50033
2203
2207
2213
2221
2237
2239
2243
2251
2267
2269
2273
2281
2287
2293
2297
2309
2311
2333
2339
2341
2347
50047
2351
2357
2371
2377
2381
2383
2389
2393
2399
2411
2417
2423
2437
2441
2447
2459
2467
2473
2477
2503
50051
2521
2531
2539
2543
2549
2551
2557
2579
2591
2593
2609
2617
2621
2633
2647
2657
2659
2663
2671
50053
2677
2683
2687
2689
2693
2699
2707
2711
2713
2719
2729
2731
2741
2749
2753
2767
2777
50069
2789
2791
2797
2801
2803
2819
2833
2837
2843
2851
2857
2861
2879
2887
2897
2903
2909
50077
2917
2927
2939
2953
2957
2963
2969
2971
2999
3001
3011
3019
3023
3037
3041
3049
50087
3061
3067
3079
3083
3089
3109
3119
3121
3137
3163
3167
3169
3181
3187
3191
3203
50093
3209
3217
3221
3229
3251
3253
3257
3259
3271
3299
3301
3307
3313
3319
50101
3323
3329
3331
3343
3347
3359
3361
3371
3373
3389
3391
3407
3413
3433
3449
50111
3457
3461
3463
3467
3469
3491
3499
3511
3517
3527
3529
3533
3539
3541
50119
3547
3557
3559
3571
3581
3583
3593
3607
3613
3617
3623
3631
3637
3643
50123
3659
3671
3673
3677
3691
3697
3701
3709
3719
3727
3733
3739
3761
50129
3767
3769
3779
3793
3797
3803
3821
3823
3833
3847
3851
3853
50131
3863
3877
3881
3889
3907
3911
3917
3919
3923
3929
3931
3943
3947
50147
3967
3989
4001
4003
4007
4013
4019
4021
4027
4049
4051
4057
50153
4073
4079
4091
4093
4099
4111
4127
4129
4133
4139
4153
4157
50159
4159
4177
4201
4211
4217
4219
4229
4231
4241
4243
4253
50177
4259
4261
4271
4273
4283
4289
4297
4327
4337
4339
4349
4357
50207
4363
4373
4391
4397
4409
4421
4423
4441
4447
4451
4457
50221
4463
4481
4483
4493
4507
4513
4517
4519
4523
4547
50227
50231
50261
4549
4561
4567
4583
4591
4597
4603
4621
4637
4639
4643
50263
4649
4651
4657
4663
4673
4679
4691
4703
4721
4723
50273
4729
4733
4751
4759
4783
4787
4789
4793
4799
4801
4813
50287
4817
4831
4861
4871
4877
4889
4903
4909
4919
4931
4933
4937
4943
4951
4957
4967
4969
4973
4987
4993
4999
5003
5009
5011
50291
5021
5023
5039
5051
5059
5077
5081
5087
5099
5101
50311
5107
5113
5119
5147
5153
5167
5171
5179
5189
5197
5209
5227
5231
5233
5237
5261
5273
5279
5281
5297
5303
5309
5323
5333
5347
5351
5381
5387
5393
5399
5407
5413
5417
5419
5431
5437
5441
5443
5449
5471
5477
5479
5483
5501
5503
5507
5519
5521
5527
5531
5557
5563
5569
5573
5581
5591
5623
5639
5641
5647
5651
5653
5657
5659
5669
5683
5689
5693
5701
5711
5717
5737
5741
5743
50321
5749
5779
5783
5791
5801
5807
5813
5821
5827
50329
5839
5843
5849
5851
5857
5861
5867
5869
50333
5879
5881
5897
5903
5923
5927
5939
5953
50341
5981
5987
6007
6011
6029
6037
6043
6047
6053
50359
6067
6073
6079
6089
6091
6101
6113
6121
50363
6131
6133
6143
6151
6163
6173
6197
6199
50377
6203
6211
6217
6221
6229
6247
6257
6263
50383
6269
6271
6277
6287
6299
6301
6311
50387
50411
6317
6323
6329
6337
6343
6353
6359
6361
50417
6367
6373
6379
6389
6397
6421
6427
6449
50423
6451
6469
6473
6481
6491
6521
6529
6547
50441
6551
6553
6563
6569
6571
6577
50459
50461
6581
6599
6607
6619
6637
50497
6653
6659
6661
6673
6679
6689
6691
50503
6701
6703
6709
6719
6733
6737
6761
50513
6763
6779
6781
6791
6793
6803
50527
6823
6827
6829
6833
6841
6857
6863
50539
6869
6871
6883
6899
6907
6911
50543
6917
6947
6949
6959
6961
6967
6971
50549
6977
6983
6991
6997
7001
7013
50551
7019
7027
7039
7043
7057
7069
50581
7079
7103
7109
7121
7127
7129
7151
50587
7159
7177
7187
7193
7207
7211
50591
7213
7219
7229
7237
7243
7247
50593
7253
7283
7297
7307
7309
7321
50599
7331
7333
7349
7351
7369
7393
50627
7411
7417
7433
7451
7457
7459
7477
7481
50647
7487
7489
7499
7507
7517
50651
7523
7529
7537
7541
50671
7547
7549
7559
7561
7573
7577
50683
7583
7589
7591
7603
7607
50707
7621
7639
7643
7649
7669
50723
7673
7681
7687
7691
7699
7703
50741
7717
7723
7727
7741
7753
50753
7757
7759
7789
7793
7817
50767
7823
7829
7841
7853
7867
7873
50773
7877
7879
7883
50777
7901
7907
7919
7927
7933
7937
7949
7951
50789
7963
7993
8009
8011
8017
8039
50821
8053
8059
8069
8081
8087
50833
8089
8093
8101
8111
8117
8123
50839
8147
8161
8167
8171
8179
50849
8191
8209
8219
8221
8231
8233
50857
8237
8243
8263
8269
8273
8287
50867
8291
8293
8297
8311
8317
50873
8329
8353
8363
8369
8377
8387
50891
8389
8419
8423
8429
8431
50893
8443
8447
8461
8467
8501
50909
8513
8521
8527
8537
8539
8543
8563
50923
8573
8581
50929
8597
8599
8609
8623
8627
8629
8641
50951
8647
8663
8669
8677
8681
8689
8693
8699
50957
50969
8707
8713
8719
8731
50971
8737
8741
8747
8753
8761
8779
8783
8803
8807
8819
8821
8831
8837
8839
8849
8861
8863
8867
8887
8893
8923
8929
8933
8941
8951
8963
8969
8971
8999
9001
9007
9011
9013
9029
9041
9043
9049
9059
9067
9091
9103
9109
9127
9133
9137
9151
9157
9161
9173
9181
9187
9199
9203
9209
9221
9227
9239
50989
9241
9257
9277
9281
9283
9293
9311
50993
9319
9323
9337
9341
9343
9349
9371
51001
9377
9391
9397
9403
9413
9419
51031
9421
9431
9433
9437
9439
9461
51043
9463
9467
9473
9479
9491
9497
51047
9511
9521
9533
9539
9547
9551
51059
9587
9601
9613
9619
9623
9629
51061
9631
9643
9649
9661
9677
9679
51071
9689
9697
9719
9721
9733
9739
51109
9743
9749
9767
9769
9781
9787
51131
9791
9803
9811
9817
9829
9833
51133
9839
9851
9857
9859
9871
9883
9887
9901
9907
9923
9929
51137
9931
9941
9949
9967
9973
51151
10007
10009
10037
10039
10061
10067
51157
10069
10079
10091
10093
10099
10103
51169
10111
10133
10139
10141
10151
10159
51193
10163
10169
10177
10181
10193
51197
10211
10223
10243
51199
10247
51203
10253
10259
10267
10271
10273
10289
51217
10301
10303
10313
10321
10331
51229
10333
10337
10343
10357
51239
10369
10391
10399
10427
10429
51241
10433
10453
10457
10459
51257
10463
51263
10477
51283
10487
10499
10501
51287
10513
10529
10531
10559
51307
10567
10589
10597
10601
51329
10607
10613
10627
10631
10639
51341
10651
10657
10663
10667
10687
10691
51343
10709
10711
10723
10729
51347
10733
10739
10753
10771
10781
51349
10789
10799
10831
10837
10847
51361
10853
10859
10861
51383
10867
10883
10889
10891
51407
10903
10909
10937
10939
51413
10949
10957
10973
10979
51419
10987
10993
11003
11027
11047
51421
11057
11059
11069
11071
51427
11083
11087
11093
11113
51431
11117
11119
11131
11149
11159
51437
11161
11171
11173
11177
51439
11197
11213
11239
11243
51449
11251
11257
11261
11273
51461
11279
11287
11299
11311
51473
11317
11321
11329
11351
51479
11353
11369
11383
11393
11399
51481
11411
11423
11437
11443
51487
11447
11467
11471
11483
51503
11489
11491
11497
11503
51511
11519
11527
11549
11551
51517
11579
11587
11593
11597
51521
11617
11621
11633
51539
11657
11677
11681
11689
11699
51551
11701
11717
11719
11731
51563
11743
11777
11779
11783
51577
11789
11801
11807
11813
51581
11821
11827
11831
11833
51593
11839
11863
11867
11887
51599
11897
11903
11909
11923
51607
11927
11933
11939
11941
51613
11953
11959
11969
11971
51631
11981
11987
12007
12011
51637
12037
12041
12043
12049
12071
51647
12073
12097
12101
12107
51659
12109
12113
12119
12143
51673
12149
12157
12161
12163
51679
12197
12203
12211
12227
51683
12239
12241
12251
12253
51691
12263
12269
12277
12281
51713
12289
12301
12323
12329
51719
12343
12347
12373
51721
12377
12379
12391
12401
51749
12409
12413
12421
12433
12437
51767
12451
12457
12473
51769
12479
12487
12491
12497
51787
12503
12511
12517
12527
51797
12539
12541
12547
12553
51803
12569
12577
12583
12589
51817
12601
12611
12613
12619
51827
12637
12641
12647
12653
51829
12659
12671
12689
12697
51839
12703
12713
12721
12739
12743
51853
12757
12763
12781
12791
51859
12799
12809
12821
51869
12823
12829
12841
12853
51871
12889
12893
12899
12907
51893
12911
12917
12919
12923
51899
12941
12953
12959
12967
51907
12973
12979
12983
13001
51913
13003
13007
13009
13033
51929
13037
13043
51941
13049
13063
13093
13099
51949
13103
13109
13121
13127
51971
13147
13151
13159
51973
13163
13171
13177
13183
51977
13187
13217
13219
13229
51991
13241
13249
13259
13267
52009
13291
13297
13309
52021
13313
13327
13331
13337
52027
13339
13367
13381
52051
13397
13399
52057
13411
13417
13421
13441
52067
13451
13457
13463
52069
13469
13477
13487
13499
52081
13513
13523
13537
52103
13553
13567
13577
52121
13591
13597
13613
52127
13619
13627
13633
13649
52147
13669
13679
13681
52153
13687
13691
13693
13697
13709
52163
13711
13721
13723
13729
52177
13751
13757
52181
13759
13763
13781
13789
52183
13799
13807
13829
52189
13831
13841
13859
13873
52201
13877
13879
13883
52223
13901
13903
13907
52237
13913
13921
13931
13933
52249
13963
13967
13997
52253
13999
14009
14011
14029
52259
14033
14051
14057
52267
14071
14081
14083
14087
52289
14107
52291
14143
14149
52301
14153
14159
14173
52313
14177
14197
52321
14207
52361
14221
14243
52363
14249
14251
14281
52369
14293
14303
14321
52379
14323
14327
14341
14347
14369
14387
14389
14401
14407
14411
14419
52387
14423
14431
14437
52391
14447
14449
14461
14479
52433
14489
14503
14519
52453
14533
14537
14543
52457
14549
14551
14557
14561
52489
14563
14591
14593
52501
14621
14627
14629
52511
14633
14639
14653
14657
52517
14669
14683
14699
14713
52529
14717
14723
14731
52541
14737
14741
14747
14753
52543
14759
14767
14771
52553
14779
14783
14797
14813
52561
14821
14827
14831
52567
14843
14851
14867
14869
52571
14879
14887
14891
52579
14897
14923
14929
52583
14939
14947
14951
14957
52609
14969
14983
15013
52627
15017
15031
15053
52631
15061
15073
15077
15083
52639
15091
15101
15107
52667
15121
15131
15137
52673
15139
15149
15161
52691
15173
15187
15193
15199
52697
15217
15227
15233
52709
15241
15259
15263
52711
15269
15271
15277
15287
52721
15289
15299
52727
15307
15313
15319
15329
52733
15331
15349
15359
52747
15361
15373
15377
52757
15383
15391
15401
52769
15413
15427
15439
15443
52783
15451
15461
15467
52807
15473
15493
15497
52813
15511
15527
15541
15551
52817
15559
15569
15581
52837
15583
15601
15607
52859
15619
15629
15641
52861
15643
15647
15649
52879
15661
15667
15671
15679
52883
15683
15727
15731
52889
15733
15737
15739
52901
15749
15761
15767
52903
15773
15787
15791
52919
15797
15803
52937
15809
15817
15823
15859
52951
15877
15881
15887
52957
15889
15901
15907
52963
15913
15919
15923
15937
52967
15959
15971
15973
52973
15991
16001
16007
52981
16033
16057
16061
16063
52999
16067
16069
16073
53003
16087
16091
16097
16103
53017
16111
16127
16139
53047
16141
16183
16187
53051
16189
16193
16217
16223
53069
16229
16231
16249
16253
53077
16267
16273
16301
53087
16319
16333
16339
16349
53089
16361
16363
16369
53093
16381
16411
16417
16421
53101
16427
16433
16447
53113
16451
16453
16477
16481
53117
16487
16493
16519
53129
16529
16547
16553
53147
16561
16567
16573
53149
16603
16607
16619
53161
16631
16633
53171
16649
16651
16657
53173
16661
16673
53189
16691
53197
16693
16699
16703
53201
16729
16741
16747
53231
16759
16763
16787
53233
16811
16823
16829
53239
16831
16843
16871
53267
16879
16883
16889
53269
16901
16903
16921
53279
16927
16931
16937
53281
16943
16963
16979
53299
16981
16987
16993
53309
17011
17021
17027
53323
17029
17033
53327
17041
17047
17053
53353
17077
17093
17099
53359
17107
17117
17123
53377
17137
17159
17167
53381
17183
17189
17191
53401
17203
17207
17209
53407
17231
17239
17257
53411
17291
17293
17299
53419
17317
17321
53437
17327
17333
17341
53441
17351
17359
17377
53453
17383
17387
17389
53479
17393
17401
17417
53503
17419
17431
17443
53507
17449
17467
53527
17471
17477
53549
17483
17489
17491
53551
17497
17509
53569
17519
17539
17551
53591
17569
17573
17579
53593
17581
17597
17599
53597
17609
17623
17627
53609
17657
17659
17669
53611
17681
17683
17707
53617
17713
17729
17737
53623
17747
17749
53629
17761
17783
17789
53633
17791
17807
17827
53639
17837
17839
17851
53653
17863
17881
17891
53657
17903
17909
17911
53681
17921
17923
53693
17929
17939
17957
53699
17959
17971
17977
53717
17981
17987
17989
53719
18013
18041
18043
53731
18047
18049
18059
53759
18061
18077
18089
53773
18097
18119
53777
18121
18127
18131
53783
18133
18143
18149
53791
18169
18181
18191
53813
18199
18211
18217
53819
18223
18229
18233
53831
18251
18253
18257
53849
18269
18287
18289
53857
18301
18307
18311
53861
18313
18329
18341
53881
18353
18367
18371
53887
18379
18397
18401
53891
18413
18427
18433
53897
18439
18443
18451
53899
18457
18461
18481
53917
18493
18503
18517
53923
18521
18523
18539
53927
18541
18553
53939
18583
18587
18593
53951
18617
18637
18661
53959
18671
18679
53987
18691
18701
18713
53993
18719
18731
18743
54001
18749
18757
18773
54011
18787
18793
18797
54013
18803
18839
18859
54037
18869
18899
18911
54049
18913
18917
54059
18919
18947
18959
54083
18973
18979
54091
19001
19009
19013
54101
19031
19037
19051
54121
19069
19073
19079
54133
19081
19087
54139
19121
19139
19141
54151
19157
19163
19181
54163
19183
19207
19211
54167
19213
19219
54181
19231
19237
19249
54193
19259
19267
19273
54217
19289
19301
19309
54251
19319
19333
19373
54269
19379
19381
19387
54277
19391
19403
19417
54287
19421
19423
19427
19429
54293
19433
19441
19447
54311
19457
19463
54319
19469
19471
19477
54323
19483
19489
19501
54331
19507
19531
54347
19541
19543
19553
19559
54361
19571
19577
54367
19583
19597
19603
54371
19609
19661
19681
54377
19687
19697
54401
19699
19709
54403
19717
19727
19739
54409
19751
19753
54413
19759
19763
19777
54419
19793
19801
54421
19813
19819
19841
54437
19843
19853
19861
54443
19867
19889
54449
19891
19913
19919
54469
19927
19937
54493
19949
19961
19963
54497
19973
19979
19991
54499
19993
19997
54503
20011
20021
20023
54517
20029
20047
54521
20051
20063
20071
54539
20089
20101
20107
54541
20113
20117
54547
20123
20129
20143
54559
20147
20149
54563
20161
20173
20177
54577
20183
20201
20219
54581
20231
20233
54583
20249
20261
20269
54601
20287
20297
54617
20323
20327
20333
54623
20341
20347
54629
20353
20357
20359
54631
20369
20389
20393
54647
20399
20407
54667
20411
20431
20441
54673
20443
20477
54679
20479
20483
20507
54709
20509
20521
54713
20533
20543
20549
54721
20551
20563
20593
54727
20599
20611
54751
20627
20639
20641
54767
20663
20681
20693
54773
20707
20717
54779
20719
20731
20743
54787
20747
20749
54799
20753
20759
54829
20771
20773
20789
54833
20807
20809
54851
20849
20857
20873
54869
20879
20887
20897
54877
20899
20903
54881
20921
20929
20939
54907
20947
20959
20963
54917
20981
20983
54919
21001
21011
21013
54941
21017
21019
54949
21023
21031
21059
54959
21061
21067
54973
21089
21101
21107
54979
21121
21139
54983
21143
21149
21157
55001
21163
21169
55009
21179
21187
21191
55021
21193
21211
55049
21221
21227
55051
21247
21269
21277
55057
21283
21313
55061
21317
21319
21323
55073
21341
21347
55079
21377
21379
21383
55103
21391
21397
21401
55109
21407
21419
55117
21433
21467
21481
55127
21487
21491
55147
21493
21499
21503
55163
21517
21521
55171
21523
21529
21557
55201
21559
21563
55207
21569
21577
21587
55213
21589
21599
21601
55217
21611
21613
55219
21617
21647
55229
21649
21661
21673
55243
21683
21701
55249
21713
21727
21737
55259
21739
21751
55291
21757
21767
21773
55313
21787
21799
55331
21803
21817
55333
21821
21839
21841
55337
21851
21859
55339
21863
21871
55343
21881
21893
21911
55351
21929
21937
21943
55373
21961
21977
21991
55381
21997
22003
22013
55399
22027
22031
22037
22039
55411
22051
22063
22067
55439
55441
22073
22079
55457
22091
22093
22109
55469
22111
22123
55487
22129
22133
22147
55501
22153
22157
55511
22159
22171
22189
55529
22193
22229
55541
22247
22259
22271
55547
22273
22277
55579
22279
22283
55589
22291
22303
22307
55603
22343
22349
55609
22367
22369
22381
55619
22391
22397
55621
22409
22433
22441
55631
22447
22453
55633
22469
22481
22483
55639
22501
22511
55661
22531
22541
55663
22543
22549
55667
22567
22571
22573
55673
22613
22619
55681
22621
22637
22639
55691
22643
22651
55697
22669
22679
55711
22691
22697
55717
22699
22709
22717
55721
22721
22727
55733
22739
22741
55763
22751
22769
55787
22777
22783
55793
22787
22807
55799
22811
22817
55807
22853
22859
22861
55813
22871
22877
55817
22901
22907
55819
22921
22937
55823
22943
22961
22963
55829
22973
22993
55837
23003
23011
55843
23017
23021
23027
55849
23029
23039
55871
23041
23053
55889
23057
23059
23063
55897
23071
23081
55901
23087
23099
55903
23117
23131
23143
55921
23159
23167
55927
23173
23189
23197
55931
23201
23203
55933
23209
23227
55949
23251
23269
23279
55967
23291
23293
55987
23297
23311
55997
23321
23327
23333
56003
23339
23357
56009
23369
23371
56039
23399
23417
23431
56041
23447
23459
56053
23473
23497
56081
23509
23531
56087
23537
23539
23549
56093
23557
23561
56099
23563
23567
56101
23581
23593
56113
23599
23603
56123
23609
23623
23627
56131
23629
23633
56149
23663
23669
56167
23671
23677
23687
56171
23689
23719
56179
23741
23743
56197
23747
23753
56207
23761
23767
23773
56209
23789
23801
56237
23813
23819
56239
23827
23831
23833
56249
23857
23869
56263
23873
23879
56267
23887
23893
56269
23899
23909
23911
56299
23917
23929
56311
23957
23971
56333
23977
23981
56359
23993
24001
24007
56369
24019
24023
56377
24029
24043
56383
24049
24061
56393
24071
24077
56401
24083
24091
24097
56417
24103
24107
56431
24109
24113
56437
24121
24133
56443
24137
24151
56453
24169
24179
56467
24181
24197
56473
24203
24223
24229
56477
24239
24247
56479
24251
24281
56489
24317
24329
24337
56501
24359
24371
56503
24373
24379
56509
24391
24407
24413
56519
24419
24421
56527
24439
24443
24469
56531
24473
24481
56533
24499
24509
56543
24517
24527
24533
56569
24547
24551
56591
24571
24593
56597
24611
24623
24631
56599
24659
24671
56611
24677
24683
24691
24697
56629
24709
24733
56633
24749
24763
56659
24767
24781
24793
56663
24799
24809
56671
24821
24841
56681
24847
24851
56687
24859
24877
56701
24889
24907
24917
56711
24919
24923
56713
24943
24953
56731
24967
24971
24977
56737
24979
24989
56747
25013
25031
56767
25033
25037
56773
25057
25073
25087
56779
25097
25111
56783
25117
25121
56807
25127
25147
56809
25153
25163
56813
25169
25171
25183
56821
25189
25219
56827
25229
25237
56843
25243
25247
56857
25253
25261
56873
25301
25303
25307
56891
25309
25321
56893
25339
25343
56897
25349
25357
25367
56909
25373
25391
56911
25409
25411
56921
25423
25439
56923
25447
25453
56929
25457
25463
56941
25469
25471
56951
25523
25537
25541
56957
25561
25577
56963
25579
25583
56983
25589
25601
56989
25603
25609
25621
56993
25633
25639
56999
25643
25657
57037
25667
25673
57041
25679
25693
25703
57047
25717
25733
57059
25741
25747
57073
25759
25763
57077
25771
25793
25799
57089
25801
25819
57097
25841
25847
57107
25849
25867
57119
25873
25889
57131
25903
25913
57139
25919
25931
25933
57143
25939
25943
57149
25951
25969
57163
25981
25997
57173
25999
26003
57179
26017
26021
57191
26029
26041
57193
26053
26083
57203
26099
26107
57221
26111
26113
57223
26119
26141
57241
26153
26161
57251
26171
26177
57259
26183
26189
26203
57269
26209
57271
26227
26237
57283
26249
26251
26261
57287
26263
26267
57301
26293
26297
57329
26309
26317
57331
26321
26339
57347
26347
26357
57349
26371
57367
26387
26393
26399
57373
26407
26417
57383
26423
26431
57389
26437
57397
26449
26459
26479
57413
26489
26497
57427
26501
26513
57457
26539
26557
57467
26561
26573
57487
26591
26597
57493
26627
26633
57503
26641
26647
57527
26669
26681
57529
26683
26687
26693
57557
26699
26701
57559
26711
26713
57571
26717
26723
57587
26729
26731
57593
26737
26759
57601
26777
26783
57637
26801
26813
57641
26821
26833
57649
26839
26849
26861
57653
26863
26879
57667
26881
26891
57679
26893
26903
26921
57689
26927
26947
57697
26951
26953
57709
26959
26981
57713
26987
26993
57719
27011
27017
57727
27031
27043
57731
27059
27061
57737
27067
27073
27077
57751
27091
27103
57773
27107
27109
57781
27127
27143
57787
27179
27191
57791
27197
27211
27239
57793
27241
27253
57803
27259
57809
27271
27277
27281
57829
27283
57839
27299
27329
57847
27337
27361
57853
27367
27397
27407
57859
27409
27427
27431
57881
27437
27449
57899
27457
27479
57901
27481
27487
57917
27509
27527
57923
27529
27539
57943
27541
27551
57947
27581
27583
57973
27611
27617
57977
27631
27647
57991
27653
27673
58013
27689
27691
58027
27697
27701
58031
27733
27737
58043
27739
27743
58049
27749
27751
58057
27763
27767
58061
27773
27779
58067
27791
27793
58073
27799
27803
58099
27809
27817
58109
27823
27827
58111
27847
27851
58129
27883
27893
58147
27901
27917
58151
27919
27941
58153
27943
27947
58169
27953
27961
58171
27967
27983
58189
27997
28001
58193
28019
28027
58199
28031
28051
58207
28057
28069
58211
28081
28087
58217
28097
28099
58229
28109
28111
58231
28123
28151
58237
28163
28181
58243
28183
28201
58271
28211
28219
58309
28229
28277
58313
28279
28283
58321
28289
28297
28307
58337
28309
28319
58363
28349
28351
58367
28387
28393
58369
28403
28409
28411
58379
28429
28433
58391
28439
28447
58393
28463
28477
58403
28493
28499
58411
28513
28517
58417
28537
28541
58427
28547
28549
58439
28559
28571
58441
28573
28579
28591
58451
28597
28603
58453
28607
28619
58477
28621
28627
58481
28631
58511
28643
28649
28657
58537
28661
28663
58543
28669
28687
58549
28697
28703
58567
28711
28723
58573
28729
28751
58579
28753
28759
58601
28771
28789
58603
28793
28807
58613
28813
28817
58631
28837
28843
58657
28859
28867
58661
28871
28879
58679
28901
28909
58687
28921
28927
58693
28933
28949
58699
28961
28979
58711
29009
29017
58727
29021
29023
58733
29027
29033
58741
29059
29063
58757
29077
29101
58763
29123
29129
58771
29131
29137
58787
29147
29153
58789
29167
29173
58831
29179
29191
58889
29201
29207
58897
29209
29221
58901
29231
29243
58907
29251
29269
58909
29287
29297
58913
29303
29311
58921
29327
29333
58937
29339
29347
58943
29363
29383
58963
29387
29389
58967
29399
29401
58979
29411
29423
58991
29429
29437
58997
29443
29453
59009
29473
29483
59011
29501
29527
59021
29531
29537
59023
29567
29569
59029
29573
59051
29581
29587
59053
29599
29611
59063
29629
29633
59069
29641
59077
29663
29669
59083
29671
59093
29683
29717
59107
29723
29741
59113
29753
29759
59119
29761
29789
59123
29803
29819
59141
29833
29837
59149
29851
59159
29863
29867
59167
29873
29879
59183
29881
29917
59197
29921
29927
59207
29947
29959
59209
29983
29989
59219
30011
30013
59221
30029
30047
59233
30059
30071
59239
30089
30091
59243
30097
30103
59263
30109
59273
30113
30119
59281
30133
30137
59333
30139
30161
59341
30169
30181
59351
30187
30197
59357
30203
30211
59359
30223
59369
30241
30253
59377
30259
30269
59387
30271
30293
59393
30307
30313
59399
30319
30323
59407
30341
59417
30347
30367
59419
30389
30391
59441
30403
30427
59443
30431
59447
30449
30467
59453
30469
30491
59467
30493
30497
59471
30509
30517
59473
30529
30539
59497
30553
30557
59509
30559
30577
59513
30593
30631
59539
30637
59557
30643
30649
59561
30661
30671
59567
30677
30689
59581
30697
30703
59611
30707
59617
30713
30727
59621
30757
30763
59627
30773
30781
59629
30803
30809
59651
30817
30829
59659
30839
59663
30841
59669
30851
30853
59671
30859
30869
59693
30871
30881
59699
30893
30911
59707
30931
59723
30937
30941
59729
30949
59743
30971
59747
30977
30983
59753
31013
31019
59771
31033
31039
59779
31051
31063
59791
31069
31079
59797
31081
31091
59809
31121
31123
59833
31139
59863
31147
31151
59879
31153
31159
59887
31177
31181
59921
31183
31189
59929
31193
31219
59951
31223
59957
31231
31237
59971
31247
31249
59981
31253
31259
59999
31267
31271
60013
31277
31307
60017
31319
31321
60029
31327
60037
31333
31337
60041
31357
31379
60077
31387
31391
60083
31393
31397
60089
31469
31477
60091
31481
31489
60101
31511
60103
31513
31517
60107
31531
31541
60127
31543
31547
60133
31567
60139
60149
31573
31583
60161
31601
31607
60167
31627
31643
60169
31649
31657
60209
31663
60217
31667
31687
60223
31699
31721
60251
31723
31727
60257
31729
31741
60259
31751
31769
60271
31771
31793
60289
31799
60293
31817
31847
60317
31849
31859
60331
31873
31883
60337
31891
31907
60343
31957
31963
60353
31973
31981
60373
31991
60383
32003
32009
60397
32027
32029
60413
32051
32057
60427
32059
60443
32063
32069
60449
32077
32083
60457
32089
32099
60493
32117
60497
32119
32141
60509
32143
32159
60521
32173
32183
60527
32189
32191
60539
32203
60589
32213
32233
60601
32237
32251
60607
32257
32261
60611
32297
32299
60617
32303
32309
60623
32321
32323
60631
32327
32341
60637
32353
60647
32359
32363
60649
32369
32371
60659
32377
32381
60661
32401
60679
32411
32413
60689
32423
32429
60703
32441
32443
60719
32467
32479
60727
32491
32497
60733
32503
32507
60737
32531
60757
32533
32537
60761
32561
32563
60763
32569
32573
60773
32579
32587
60779
32603
32609
60793
32611
60811
32621
32633
60821
32647
32653
60859
32687
60869
32693
32707
60887
32713
32717
60889
32719
32749
60899
32771
32779
60901
32783
32789
60913
32797
60917
32801
32803
60919
32831
32833
60923
32839
32843
60937
32869
32887
60943
32909
32911
60953
32917
60961
32933
32939
61001
32941
32957
61007
32969
32971
61027
32983
32987
61031
32993
61043
32999
33013
61051
33023
33029
61057
33037
33049
61091
33053
33071
61099
33073
33083
61121
33091
33107
61129
33113
61141
33119
33149
61151
33151
61153
33161
33179
61169
33181
33191
33199
61211
33203
61223
33211
33223
61231
33247
33287
61253
33289
33301
61261
33311
33317
61283
33329
33331
61291
33343
61297
33347
33349
61331
33353
33359
61333
33377
61339
33391
33403
61343
33409
33413
61357
33427
61363
33457
33461
61379
33469
33479
61381
33487
33493
61403
33503
33521
61409
33529
61417
33533
33547
61441
33563
33569
61463
33577
33581
61469
33587
33589
61471
33599
61483
33601
33613
61487
33617
33619
61493
33623
33629
61507
33637
61511
33641
33647
61519
33679
33703
61543
33713
33721
61547
33739
61553
33749
33751
61559
33757
61561
33767
33769
33773
61583
33791
33797
61603
33809
33811
61609
33827
33829
61613
33851
33857
61627
33863
61631
33871
33889
61637
33893
33911
61643
33923
33931
61651
33937
33941
61657
33961
61667
33967
33997
61673
34019
34031
61681
34033
61687
34039
34057
61703
34061
34123
61717
34127
34129
61723
34141
61729
34147
34157
61751
34159
61757
34171
34183
61781
34211
61813
34213
34217
61819
34231
61837
34253
34259
61843
34261
61861
34267
34273
61871
34283
34297
61879
34301
34303
61909
34313
34319
61927
34327
61933
34337
34351
34361
61949
34367
61961
34369
34381
61967
34403
34421
61979
34429
34439
61981
34457
61987
34469
61991
34471
34483
62003
34487
34499
62011
34501
62017
34511
34513
62039
34519
34537
62047
34543
34549
62053
34583
62057
34589
34591
62071
34603
34607
62081
34613
34631
62099
34649
62119
34651
34667
62129
34673
34679
62131
34687
34693
62137
34703
62141
34721
34729
62143
34739
34747
62171
34757
62189
34759
34763
62191
34781
34807
62201
34819
34841
62207
34843
62213
34847
34849
62219
34871
34877
62233
34883
34897
62273
34913
62297
34919
34939
62299
34949
34961
62303
34963
62311
34981
35023
62323
35027
35051
62327
35053
35059
62347
35069
62351
35081
35083
62383
35089
35099
62401
35107
35111
62417
35117
62423
35129
35141
62459
35149
62467
35153
35159
62473
35171
35201
62477
35221
62483
35227
35251
62497
35257
35267
62501
35279
62507
35281
35291
62533
35311
35317
62539
35323
35327
62549
35339
62563
35353
35363
62581
35381
35393
62591
35401
35407
62597
35419
35423
62603
35437
62617
35447
35449
62627
35461
35491
62633
35507
35509
62639
35521
62653
35527
35531
62659
35533
35537
62683
35543
35569
62687
35573
62701
35591
35593
62723
35597
35603
62731
35617
35671
62743
35677
62753
35729
35731
62761
35747
62773
35753
35759
62791
35771
62801
35797
35801
62819
35803
35809
62827
35831
35837
62851
35839
62861
35851
35863
62869
35869
35879
62873
35897
35899
62897
35911
62903
35923
35933
62921
35951
35963
62927
35969
62929
35977
35983
62939
35993
35999
62969
36007
36011
62971
36013
62981
36017
36037
62983
36061
36067
62987
36073
62989
36083
36097
63029
36107
36109
36131
63031
36137
63059
36151
36161
63067
36187
36191
63073
36209
36217
63079
36229
36241
63097
36251
36263
63103
36269
63113
36277
36293
63127
36299
36307
63131
36313
36319
63149
36341
63179
36343
36353
63197
36373
36383
63199
36389
63211
36433
36451
63241
36457
36467
63247
36469
63277
36473
36479
63281
36493
63299
36497
36523
63311
36527
63313
36529
36541
63317
36551
36559
63331
36563
63337
36571
36583
63347
36587
36599
63353
36607
63361
36629
36637
63367
36643
36653
63377
36671
63389
36677
36683
63391
36691
63397
36697
63409
36709
36713
63419
36721
36739
63421
36749
63439
36761
36767
63443
36779
36781
63463
36787
63467
36791
36793
63473
36809
36821
63487
36833
63493
36847
36857
63499
36871
36877
63521
36887
63527
36899
36901
63533
36913
36919
63541
36923
63559
36929
36931
63577
36943
36947
63587
36973
63589
36979
36997
63599
37003
37013
63601
37019
63607
37021
37039
63611
37049
37057
63617
37061
63629
37087
37097
63647
37117
63649
37123
37139
63659
37159
63667
37171
37181
63671
37189
63689
37199
37201
63691
37217
63697
37223
37243
63703
37253
63709
37273
37277
63719
37307
37309
63727
37313
63737
37321
37337
63743
37339
37357
63761
37361
63773
37363
37369
37379
63781
37397
63793
37409
37423
63799
37441
37447
63803
37463
37483
63809
37489
63823
37493
37501
63839
37507
37511
63841
37517
63853
37529
37537
63857
37547
37549
63863
37561
63901
37567
37571
63907
37573
37579
63913
37589
63929
37591
37607
63949
37619
37633
63977
37643
37649
63997
37657
37663
64007
37691
37693
64013
37699
64019
37717
37747
64033
37781
64037
37783
37799
64063
37811
37813
64067
37831
37847
64081
37853
64091
37861
37871
64109
37879
37889
64123
37897
64151
37907
37951
64153
37957
37963
64157
37967
64171
37987
37991
64187
37993
37997
64189
64217
38011
38039
64223
38047
38053
64231
38069
38083
64237
38113
64271
38119
64279
38149
38153
64283
38167
38177
64301
38183
38189
64303
38197
64319
38201
38219
64327
38231
38237
64333
38239
64373
38261
38273
64381
38281
64399
38287
38299
64403
38303
38317
64433
38321
64439
38327
38329
64451
38333
64453
38351
38371
64483
38377
38393
64489
38431
64499
38447
38449
64513
38453
64553
38459
38461
64567
64577
64579
38501
64591
38543
64601
38557
38561
64609
38567
38569
64613
38593
64621
38603
38609
64627
38611
38629
64633
38639
64661
38651
38653
64663
38669
38671
64667
38677
64679
38693
38699
64693
38707
38711
64709
38713
64717
38723
38729
64747
38737
38747
64763
38749
64781
38767
38783
64783
38791
38803
64793
38821
64811
38833
38839
64817
38851
38861
64849
38867
64853
38873
38891
64871
38903
38917
64877
38921
64879
38923
38933
64891
38953
38959
64901
38971
64919
38977
38993
64921
39019
39023
64927
39041
64937
39043
39047
64951
39079
39089
64969
39097
64997
39103
39107
65003
39113
39119
65011
39133
39139
65027
39157
39161
65029
39163
39181
65033
39191
39199
65053
39209
65063
39217
39227
65071
39229
65089
39233
39239
65099
39241
65101
39251
39293
65111
39301
39313
65119
39317
65123
39323
39341
65129
39343
65141
39359
39367
65147
39371
39373
65167
39383
65171
39397
39409
65173
39419
65179
39439
39443
65183
39451
65203
39461
39499
65213
39503
39509
65239
39511
65257
39521
39541
65267
39551
39563
65269
39569
65287
39581
39607
65293
39619
39623
65309
39631
65323
39659
39667
65327
39671
65353
39679
39703
65357
39709
65371
39719
39727
65381
39733
39749
65393
39761
65407
39769
39779
65413
39791
65419
39799
39821
65423
39827
39829
65437
39839
65447
39841
39847
65449
39857
65479
39863
39869
65497
39877
39883
65519
39887
65521
39901
39929
65537
39937
65539
39953
39971
65543
39979
39983
65551
39989
65557
40009
40013
65563
40031
65579
40037
40039
65581
40063
40087
65587
40093
65599
40099
40111
65609
40123
65617
40127
40129
65629
40151
40153
65633
40163
65647
40169
40177
65651
40189
40193
65657
40213
65677
40231
40237
65687
40241
40253
65699
40277
65701
40283
40289
65707
40343
40351
65713
40357
40361
65717
40387
65719
40423
40427
65729
40429
40433
65731
40459
65761
40471
40483
65777
40487
40493
65789
40499
65809
40507
40519
65827
40529
65831
40531
40543
65837
40559
40577
65839
40583
65843
40591
40597
65851
40609
65867
40627
40637
65881
40639
40693
65899
40697
65921
40699
40709
65927
40739
65929
40751
40759
65951
40763
40771
65957
40787
65963
40801
40813
65981
40819
40823
65983
40829
65993
40841
40847
66029
40849
66037
40853
40867
66041
40879
40883
66047
40897
66067
40903
40927
66071
40933
66083
40939
40949
66089
40961
40973
66103
40993
66107
41011
41017
66109
41023
66137
41039
41047
66161
41051
41057
66169
41077
66173
41081
41113
66179
41117
66191
41131
41141
66221
41143
66239
41149
41161
66271
41177
66293
41179
41183
66301
41189
41201
66337
41203
66343
41213
41221
66347
41227
66359
41231
41233
66361
41243
41257
66373
41263
66377
41269
41281
66383
41299
66403
41333
66413
41341
41351
66431
41357
41381
66449
41387
66457
41389
41399
66463
41411
66467
41413
41443
66491
41453
41467
66499
41479
66509
41491
41507
66523
41513
66529
41519
41521
66533
41539
41543
66541
41549
66553
41579
41593
66569
41597
66571
41603
41609
66587
41611
66593
41617
41621
66601
41627
41641
66617
41647
66629
41651
41659
66643
41669
66653
41681
41687
66683
41719
41729
66697
41737
66701
41759
41761
66713
41771
66721
41777
41801
66733
41809
66739
41813
41843
66749
41849
66751
41851
41863
66763
41879
41887
66791
41893
66797
41897
41903
66809
41911
41927
66821
41941
66841
41947
41953
66851
41957
66853
41959
41969
66863
41981
66877
41983
41999
66883
42013
42017
66889
42019
66919
42023
42043
66923
42061
66931
42071
42073
66943
42083
66947
42089
42101
66949
42131
42139
66959
42157
66973
42169
42179
66977
42181
67003
42187
42193
67021
42197
67033
42209
42221
67043
42223
42227
67049
42239
67057
42257
42281
67061
42283
67073
42293
67079
42299
42307
67103
42323
67121
42331
42337
67129
42349
42359
67139
42373
67141
42379
42391
67153
42397
67157
42403
42407
67169
42409
67181
42433
42437
67187
42443
42451
67189
42457
67211
42461
42463
67213
42467
67217
42473
42487
67219
42491
67231
42499
42509
67247
42533
42557
67261
42569
67271
42571
42577
67273
42589
42611
67289
42641
42643
67307
42649
42667
67339
42677
67343
42683
42689
67349
42697
67369
42701
42703
67391
42709
67399
42719
42727
67409
42737
42743
67411
42751
67421
42767
42773
67427
42787
67429
42793
42797
67433
42821
42829
67447
42839
42841
67453
42853
67477
42859
42863
67481
42899
67489
42901
42923
67493
42929
67499
42937
42943
67511
42953
42961
67523
42967
67531
42979
42989
67537
43003
67547
43013
43019
67559
43037
67567
43049
43051
67577
43063
67579
43067
43093
67589
43103
67601
43117
43133
67607
43151
67619
43159
43177
67631
43189
43201
67651
43207
67679
43223
43237
67699
43261
67709
43271
43283
67723
43291
67733
43313
43319
67741
43321
67751
43331
43391
67757
43397
67759
43399
43403
67763
43411
43427
67777
43441
67783
43451
43457
67789
43481
67801
43487
43499
67807
43517
43541
67819
43543
67829
43573
43577
67843
43579
67853
43591
43597
67867
43607
67883
43609
43613
67891
43627
67901
43633
43649
67927
43651
67931
43661
43669
67933
43691
67939
43711
43717
67943
43721
67957
43753
43759
67961
43777
43781
67967
43783
67979
43787
67987
43789
43793
67993
43801
68023
43853
43867
68041
43889
68053
43891
43913
68059
43933
68071
43943
43951
68087
43961
43963
68099
43969
68111
43973
43987
68113
43991
68141
43997
44017
68147
44021
68161
44027
44029
68171
44041
44053
68207
44059
44071
68209
44087
68213
44089
44101
68219
44111
68227
44119
44123
68239
44129
68261
44131
44159
68279
44171
68281
44179
44189
68311
44201
68329
44203
44207
68351
44221
44249
68371
44257
68389
44263
44267
68399
44269
68437
44273
44279
68443
44281
68447
44293
44351
68449
44357
68473
44371
44381
68477
44383
68483
44389
44417
68489
44449
68491
44453
44483
68501
44491
68507
44497
44501
68521
44507
44519
68531
44531
68539
44533
44537
68543
44543
68567
44549
44563
68581
44579
68597
44587
44617
68611
44621
68633
44623
44633
68639
44641
68659
44647
44651
68669
44657
68683
44683
44687
68687
44699
68699
44701
44711
68711
44729
44741
68713
44753
68729
44771
44773
68737
44777
68743
44789
44797
68749
44809
44819
68767
44839
68771
44843
44851
68777
44867
44879
68791
44887
68813
44893
44909
68819
44917
44927
68821
44939
44953
68863
44959
68879
44963
44971
68881
44983
68891
44987
45007
68897
45013
68899
45053
45061
68903
45077
68909
45083
45119
68917
45121
68927
45127
45131
68947
45137
68963
45139
45161
68993
45179
69001
45181
69011
45191
45197
69019
45233
69029
45247
45259
69031
45263
69061
45281
69067
45289
45293
69073
45307
69109
45317
45319
69119
45329
69127
45337
45341
69143
45343
69149
45361
45377
69151
45389
69163
45403
45413
69191
45427
69193
45433
69197
45439
45481
45491
45497
45503
45523
45533
69203
45541
69221
45553
69233
45557
45569
69239
45587
69247
45589
45599
69257
45613
69259
45631
45641
45659
69263
45667
69313
45673
45677
69317
45691
69337
45697
69341
45707
45737
69371
45751
45757
69379
45763
69383
45767
45779
69389
45817
69401
45821
45823
69403
45827
69427
45833
45841
69431
45853
69439
45863
45869
69457
45887
69463
45893
45943
69467
45949
69473
45953
45959
69481
45971
69491
45979
45989
69493
46021
69497
46027
46049
69499
46051
69539
46061
46073
69557
46091
69593
46093
46099
69623
46103
69653
46133
46141
69661
46147
69677
46153
46171
69691
46181
69697
46183
69709
46187
46199
69737
46219
69739
46229
46237
69761
46261
69763
46271
46273
69767
46279
46301
69779
46307
46309
69809
46327
69821
46337
46349
69827
46351
69829
46381
46399
69833
46411
69847
46439
69857
46441
46447
69859
46451
69877
46457
46471
69899
46477
69911
46489
46499
69929
46507
69931
46511
46523
69941
46549
69959
46559
69991
46567
46573
69997
46589
70001
46591
46601
70003
46619
46633
70009
46639
70019
46643
46649
70039
46663
46679
70051
46681
46687
70061
46691
70067
46703
46723
70079
46727
70099
46747
46751
70111
46757
70117
46769
46771
70121
46807
46811
70123
46817
70139
46819
46829
70141
46831
70157
46853
46861
70163
46867
70177
46877
46889
70181
46901
70183
46919
46933
70199
46957
70201
46993
46997
70207
47017
70223
47041
47051
70229
47057
70237
47059
47087
70241
47093
70249
47111
70271
47119
47123
70289
47129
70297
47137
47143
70309
47147
70313
47149
47161
70321
47189
70327
47207
47221
70351
47237
70373
47251
47269
70379
47279
70381
47287
47293
70393
47297
70423
47303
47309
70429
47317
70439
47339
47351
70451
47353
70457
47363
47381
70459
47387
70481
47389
47407
70487
47417
47419
70489
47431
47441
70501
47459
70507
47491
47497
70529
47501
70537
47507
47513
70549
47521
47527
70571
47533
70573
47543
70583
47563
47569
70589
47581
47591
70607
47599
70619
47609
47623
70621
47629
70627
47639
47653
70639
47657
47659
70657
47681
70663
47699
47701
70667
47711
70687
47713
70709
47717
47737
70717
47741
70729
47743
70753
47777
47779
70769
47791
70783
47797
70793
47807
70823
47809
70841
47819
47837
70843
47843
70849
47857
47869
70853
47881
70867
47903
47911
70877
47917
70879
47933
47939
70891
47947
70901
47951
70913
47963
47969
70919
47977
70921
47981
48017
70937
48023
70949
48029
48049
70951
48073
70957
48079
48091
70969
48109
70979
48119
48121
70981
48131
70991
48157
70997
48163
48179
70999
48187
71011
48193
48197
71023
48221
71039
48239
48247
71059
48259
71069
48271
48281
71081
48299
71089
48311
48313
71119
48337
71129
48341
71143
48353
48371
71147
48383
71153
48397
48407
71161
48409
71167
48413
48437
71171
48449
71191
48463
71209
48473
48479
71233
48481
71237
48487
48491
71249
48497
71257
48523
71261
48527
71263
48533
48539
71287
48541
71293
48563
48571
71317
48589
71327
48593
71329
48611
48619
71333
48623
71339
48647
71341
48649
71347
48661
48673
71353
48677
71359
48679
48731
71363
48733
71387
48751
48757
71389
48761
71399
48767
48779
71411
48781
71413
48787
48799
71419
48809
48817
71429
48821
71437
48823
48847
71443
48857
71453
48859
48869
71471
48871
71473
48883
48889
71479
48907
71483
48947
71503
48953
48973
71527
48989
71537
48991
71549
49003
49009
71551
49019
71563
49031
49033
71569
49037
71593
71597
49043
49057
71633
49069
71647
49081
71663
49103
49109
71671
49117
71693
49121
49123
71699
49139
49157
71707
49169
71711
49171
49177
71713
49193
71719
49199
49201
71741
49207
71761
49211
71777
49223
49253
71789
49261
71807
49277
49279
71809
49297
71821
49307
49331
71837
49333
71843
49339
71849
49363
49367
71861
49369
71867
49391
71879
49393
71881
49409
49411
71887
49417
71899
49429
49433
71909
49451
71917
49459
49463
71933
49477
49481
71941
49499
71947
49523
49529
71963
49531
49537
71971
49547
71983
49549
49559
71987
49597
71993
49603
71999
49613
49627
72019
49633
72031
49639
49663
72043
49667
72047
49669
72053
49681
49697
72073
49711
72077
49727
49739
72089
49741
72091
49747
49757
72101
49783
72103
49787
72109
49789
49801
72139
49807
72161
49811
49823
72167
49831
72169
49843
72173
49853
49871
72211
49877
72221
49891
49919
72223
49921
72227
49927
72229
49937
49939
72251
49943
49957
72253
49991
72269
49993
72271
49999
72277
72287
72307
72313
72337
72341
72353
72367
72379
72383
72421
72431
72461
72467
72469
72481
72493
72497
72503
72533
72547
72551
72559
72577
72613
72617
72623
72643
72647
72649
72661
72671
72673
72679
72689
72701
72707
72719
72727
72733
72739
72763
72767
72797
72817
72823
72859
72869
72871
72883
72889
72893
72901
72907
72911
72923
72931
72937
72949
72953
72959
72973
72977
72997
73009
73013
73019
73037
73039
73043
73061
73063
73079
73091
73121
73127
73133
73141
73181
73189
73237
73243
73259
73277
73291
73303
73309
73327
73331
73351
73361
73363
73369
73379
73387
73417
73421
73433
73453
73459
73471
73477
73483
73517
73523
73529
73547
73553
73561
73571
73583
73589
73597
73607
73609
73613
73637
73643
73651
73673
73679
73681
73693
73699
73709
73721
73727
73751
73757
73771
73783
73819
73823
73847
73849
73859
73867
73877
73883
73897
73907
73939
73943
73951
73961
73973
73999
74017
74021
74027
74047
74051
74071
74077
74093
74099
74101
74131
74143
74149
74159
74161
74167
74177
74189
74197
74201
74203
74209
74219
74231
74257
74279
74287
74293
74297
74311
74317
74323
74353
74357
74363
74377
74381
74383
74411
74413
74419
74441
74449
74453
74471
74489
74507
74509
74521
74527
74531
74551
74561
74567
74573
74587
74597
74609
74611
74623
74653
74687
74699
74707
74713
74717
74719
74729
74731
74747
74759
74761
74771
74779
74797
74821
74827
74831
74843
74857
74861
74869
74873
74887
74891
74897
74903
74923
74929
74933
74941
74959
75011
75013
75017
75029
75037
75041
75079
75083
75109
75133
75149
75161
75167
75169
75181
75193
75209
75211
75217
75223
75227
75239
75253
75269
75277
75289
75307
75323
75329
75337
75347
75353
75367
75377
75389
75391
75401
75403
75407
75431
75437
75479
75503
75511
75521
75527
75533
75539
75541
75553
75557
75571
75577
75583
75611
75617
75619
75629
75641
75653
75659
75679
75683
75689
75703
75707
75709
75721
75731
75743
75767
75773
75781
75787
75793
75797
75821
75833
75853
75869
75883
75913
75931
75937
75941
75967
75979
75983
75989
75991
75997
76001
76003
76031
76039
76079
76081
76091
76099
76103
76123
76129
76147
76157
76159
76163
76207
76213
76231
76243
76249
76253
76259
76261
76283
76289
76303
76333
76343
76367
76369
76379
76387
76403
76421
76423
76441
76463
76471
76481
76487
76493
76507
76511
76519
76537
76541
76543
76561
76579
76597
76603
76607
76631
76649
76651
76667
76673
76679
76697
76717
76733
76753
76757
76771
76777
76781
76801
76819
76829
76831
76837
76847
76871
76873
76883
76907
76913
76919
76943
76949
76961
76963
76991
77003
77017
77023
77029
77041
77047
77069
77081
77093
77101
77137
77141
77153
77167
77171
77191
77201
77213
77237
77239
77243
77249
77261
77263
77267
77269
77279
77291
77317
77323
77339
77347
77351
77359
77369
77377
77383
77417
77419
77431
77447
77471
77477
77479
77489
77491
77509
77513
77521
77527
77543
77549
77551
77557
77563
77569
77573
77587
77591
77611
77617
77621
77641
77647
77659
77681
77687
77689
77699
77711
77713
77719
77723
77731
77743
77747
77761
77773
77783
77797
77801
77813
77839
77849
77863
77867
77893
77899
77929
77933
77951
77969
77977
77983
77999
78007
78017
78031
78041
78049
78059
78079
78101
78121
78137
78139
78157
78163
78167
78173
78179
78191
78193
78203
78229
78233
78241
78259
78277
78283
78301
78307
78311
78317
78341
78347
78367
78401
78427
78437
78439
78467
78479
78487
78497
78509
78511
78517
78539
78541
78553
78569
78571
78577
78583
78593
78607
78623
78643
78649
78653
78691
78697
78707
78713
78721
78737
78779
78781
78787
78791
78797
78803
78809
78823
78839
78853
78857
78877
78887
78889
78893
78901
78919
78929
78941
78977
78979
78989
79031
79039
79043
79063
79087
79103
79111
79133
79139
79147
79151
79153
79159
79181
79187
79193
79201
79229
79231
79241
79259
79273
79279
79283
79301
79309
79319
79333
79337
79349
79357
79367
79379
79393
79397
79399
79411
79423
79427
79433
79451
79481
79493
79531
79537
79549
79559
79561
79579
79589
79601
79609
79613
79621
79627
79631
79633
79657
79669
79687
79691
79693
79697
79699
79757
79769
79777
79801
79811
79813
79817
79823
79829
79841
79843
79847
79861
79867
79873
79889
79901
79903
79907
79939
79943
79967
79973
79979
79987
79997
79999
80021
80039
80051
80071
80077
80107
80111
80141
80147
80149
80153
80167
80173
80177
80191
80207
80209
80221
80231
80233
80239
80251
80263
80273
80279
80287
80309
80317
80329
80341
80347
80363
80369
80387
80407
80429
80447
80449
80471
80473
80489
80491
80513
80527
80537
80557
80567
80599
80603
80611
80621
80627
80629
80651
80657
80669
80671
80677
80681
80683
80687
80701
80713
80737
80747
80749
80761
80777
80779
80783
80789
80803
80809
80819
80831
80833
80849
80863
80897
80909
80911
80917
80923
80929
80933
80953
80963
80989
81001
81013
81017
81019
81023
81031
81041
81043
81047
81049
81071
81077
81083
81097
81101
81119
81131
81157
81163
81173
81181
81197
81199
81203
81223
81233
81239
81281
81283
81293
81299
81307
81331
81343
81349
81353
81359
81371
81373
81401
81409
81421
81439
81457
81463
81509
81517
81527
81533
81547
81551
81553
81559
81563
81569
81611
81619
81629
81637
81647
81649
81667
81671
81677
81689
81701
81703
81707
81727
81737
81749
81761
81769
81773
81799
81817
81839
81847
81853
81869
81883
81899
81901
81919
81929
81931
81937
81943
81953
81967
81971
81973
82003
82007
82009
82013
82021
82031
82037
82039
82051
82067
82073
82129
82139
82141
82153
82163
82171
82183
82189
82193
82207
82217
82219
82223
82231
82237
82241
82261
82267
82279
82301
82307
82339
82349
82351
82361
82373
82387
82393
82421
82457
82463
82469
82471
82483
82487
82493
82499
82507
82529
82531
82549
82559
82561
82567
82571
82591
82601
82609
82613
82619
82633
82651
82657
82699
82721
82723
82727
82729
82757
82759
82763
82781
82787
82793
82799
82811
82813
82837
82847
82883
82889
82891
82903
82913
82939
82963
82981
82997
83003
83009
83023
83047
83059
83063
83071
83077
83089
83093
83101
83117
83137
83177
83203
83207
83219
83221
83227
83231
83233
83243
83257
83267
83269
83273
83299
83311
83339
83341
83357
83383
83389
83399
83401
83407
83417
83423
83431
83437
83443
83449
83459
83471
83477
83497
83537
83557
83561
83563
83579
83591
83597
83609
83617
83621
83639
83641
83653
83663
83689
83701
83717
83719
83737
83761
83773
83777
83791
83813
83833
83843
83857
83869
83873
83891
83903
83911
83921
83933
83939
83969
83983
83987
84011
84017
84047
84053
84059
84061
84067
84089
84121
84127
84131
84137
84143
84163
84179
84181
84191
84199
84211
84221
84223
84229
84239
84247
84263
84299
84307
84313
84317
84319
84347
84349
84377
84389
84391
84401
84407
84421
84431
84437
84443
84449
84457
84463
84467
84481
84499
84503
84509
84521
84523
84533
84551
84559
84589
84629
84631
84649
84653
84659
84673
84691
84697
84701
84713
84719
84731
84737
84751
84761
84787
84793
84809
84811
84827
84857
84859
84869
84871
84913
84919
84947
84961
84967
84977
84979
84991
85009
85021
85027
85037
85049
85061
85081
85087
85091
85093
85103
85109
85121
85133
85147
85159
85193
85199
85201
85213
85223
85229
85237
85243
85247
85259
85297
85303
85313
85331
85333
85361
85363
85369
85381
85411
85427
85429
85439
85447
85451
85453
85469
85487
85513
85517
85523
85531
85549
85571
85577
85597
85601
85607
85619
85621
85627
85639
85643
85661
85667
85669
85691
85703
85711
85717
85733
85751
85781
85793
85817
85819
85829
85831
85837
85843
85847
85853
85889
85903
85909
85931
85933
85991
85999
86011
86017
86027
86029
86069
86077
86083
86111
86113
86117
86131
86137
86143
86161
86171
86179
86183
86197
86201
86209
86239
86243
86249
86257
86263
86269
86287
86291
86293
86297
86311
86323
86341
86351
86353
86357
86369
86371
86381
86389
86399
86413
86423
86441
86453
86461
86467
86477
86491
86501
86509
86531
86533
86539
86561
86573
86579
86587
86599
86627
86629
86677
86689
86693
86711
86719
86729
86743
86753
86767
86771
86783
86813
86837
86843
86851
86857
86861
86869
86923
86927
86929
86939
86951
86959
86969
86981
86993
87011
87013
87037
87041
87049
87071
87083
87103
87107
87119
87121
87133
87149
87151
87179
87181
87187
87211
87221
87223
87251
87253
87257
87277
87281
87293
87299
87313
87317
87323
87337
87359
87383
87403
87407
87421
87427
87433
87443
87473
87481
87491
87509
87511
87517
87523
87539
87541
87547
87553
87557
87559
87583
87587
87589
87613
87623
87629
87631
87641
87643
87649
87671
87679
87683
87691
87697
87701
87719
87721
87739
87743
87751
87767
87793
87797
87803
87811
87833
87853
87869
87877
87881
87887
87911
87917
87931
87943
87959
87961
87973
87977
87991
88001
88003
88007
88019
88037
88069
88079
88093
88117
88129
88169
88177
88211
88223
88237
88241
88259
88261
88289
88301
88321
88327
88337
88339
88379
88397
88411
88423
88427
88463
88469
88471
88493
88499
88513
88523
88547
88589
88591
88607
88609
88643
88651
88657
88661
88663
88667
88681
88721
88729
88741
88747
88771
88789
88793
88799
88801
88807
88811
88813
88817
88819
88843
88853
88861
88867
88873
88883
88897
88903
88919
88937
88951
88969
88993
88997
89003
89009
89017
89021
89041
89051
89057
89069
89071
89083
89087
89101
89107
89113
89119
89123
89137
89153
89189
89203
89209
89213
89227
89231
89237
89261
89269
89273
89293
89303
89317
89329
89363
89371
89381
89387
89393
89399
89413
89417
89431
89443
89449
89459
89477
89491
89501
89513
89519
89521
89527
89533
89561
89563
89567
89591
89597
89599
89603
89611
89627
89633
89653
89657
89659
89669
89671
89681
89689
89753
89759
89767
89779
89783
89797
89809
89819
89821
89833
89839
89849
89867
89891
89897
89899
89909
89917
89923
89939
89959
89963
89977
89983
89989
90001
90007
90011
90017
90019
90023
90031
90053
90059
90067
90071
90073
90089
90107
90121
90127
90149
90163
90173
90187
90191
90197
90199
90203
90217
90227
90239
90247
90263
90271
90281
90289
90313
90353
90359
90371
90373
90379
90397
90401
90403
90407
90437
90439
90469
90473
90481
90499
90511
90523
90527
90529
90533
90547
90583
90599
90617
90619
90631
90641
90647
90659
90677
90679
90697
90703
90709
90731
90749
90787
90793
90803
90821
90823
90833
90841
90847
90863
90887
90901
90907
90911
90917
90931
90947
90971
90977
90989
90997
91009
91019
91033
91079
91081
91097
91099
91121
91127
91129
91139
91141
91151
91153
91159
91163
91183
91193
91199
91229
91237
91243
91249
91253
91283
91291
91297
91303
91309
91331
91367
91369
91373
91381
91387
91393
91397
91411
91423
91433
91453
91457
91459
91463
91493
91499
91513
91529
91541
91571
91573
91577
91583
91591
91621
91631
91639
91673
91691
91703
91711
91733
91753
91757
91771
91781
91801
91807
91811
91813
91823
91837
91841
91867
91873
91909
91921
91939
91943
91951
91957
91961
91967
91969
91997
92003
92009
92033
92041
92051
92077
92083
92107
92111
92119
92143
92153
92173
92177
92179
92189
92203
92219
92221
92227
92233
92237
92243
92251
92269
92297
92311
92317
92333
92347
92353
92357
92363
92369
92377
92381
92383
92387
92399
92401
92413
92419
92431
92459
92461
92467
92479
92489
92503
92507
92551
92557
92567
92569
92581
92593
92623
92627
92639
92641
92647
92657
92669
92671
92681
92683
92693
92699
92707
92717
92723
92737
92753
92761
92767
92779
92789
92791
92801
92809
92821
92831
92849
92857
92861
92863
92867
92893
92899
92921
92927
92941
92951
92957
92959
92987
92993
93001
93047
93053
93059
93077
93083
93089
93097
93103
93113
93131
93133
93139
93151
93169
93179
93187
93199
93229
93239
93241
93251
93253
93257
93263
93281
93283
93287
93307
93319
93323
93329
93337
93371
93377
93383
93407
93419
93427
93463
93479
93481
93487
93491
93493
93497
93503
93523
93529
93553
93557
93559
93563
93581
93601
93607
93629
93637
93683
93701
93703
93719
93739
93761
93763
93787
93809
93811
93827
93851
93871
93887
93889
93893
93901
93911
93913
93923
93937
93941
93949
93967
93971
93979
93983
93997
94007
94009
94033
94049
94057
94063
94079
94099
94109
94111
94117
94121
94151
94153
94169
94201
94207
94219
94229
94253
94261
94273
94291
94307
94309
94321
94327
94331
94343
94349
94351
94379
94397
94399
94421
94427
94433
94439
94441
94447
94463
94477
94483
94513
94529
94531
94541
94543
94547
94559
94561
94573
94583
94597
94603
94613
94621
94649
94651
94687
94693
94709
94723
94727
94747
94771
94777
94781
94789
94793
94811
94819
94823
94837
94841
94847
94849
94873
94889
94903
94907
94933
94949
94951
94961
94993
94999
95003
95009
95021
95027
95063
95071
95083
95087
95089
95093
95101
95107
95111
95131
95143
95153
95177
95189
95191
95203
95213
95219
95231
95233
95239
95257
95261
95267
95273
95279
95287
95311
95317
95327
95339
95369
95383
95393
95401
95413
95419
95429
95441
95443
95461
95467
95471
95479
95483
95507
95527
95531
95539
95549
95561
95569
95581
95597
95603
95617
95621
95629
95633
95651
95701
95707
95713
95717
95723
95731
95737
95747
95773
95783
95789
95791
95801
95803
95813
95819
95857
95869
95873
95881
95891
95911
95917
95923
95929
95947
95957
95959
95971
95987
95989
96001
96013
96017
96043
96053
96059
96079
96097
96137
96149
96157
96167
96179
96181
96199
96211
96221
96223
96233
96259
96263
96269
96281
96289
96293
96323
96329
96331
96337
96353
96377
96401
96419
96431
96443
96451
96457
96461
96469
96479
96487
96493
96497
96517
96527
96553
96557
96581
96587
96589
96601
96643
96661
96667
96671
96697
96703
96731
96737
96739
96749
96757
96763
96769
96779
96787
96797
96799
96821
96823
96827
96847
96851
96857
96893
96907
96911
96931
96953
96959
96973
96979
96989
96997
97001
97003
97007
97021
97039
97073
97081
97103
97117
97127
97151
97157
97159
97169
97171
97177
97187
97213
97231
97241
97259
97283
97301
97303
97327
97367
97369
97373
97379
97381
97387
97397
97423
97429
97441
97453
97459
97463
97499
97501
97511
97523
97547
97549
97553
97561
97571
97577
97579
97583
97607
97609
97613
97649
97651
97673
97687
97711
97729
97771
97777
97787
97789
97813
97829
97841
97843
97847
97849
97859
97861
97871
97879
97883
97919
97927
97931
97943
97961
97967
97973
97987
98009
98011
98017
98041
98047
98057
98081
98101
98123
98129
98143
98179
98207
98213
98221
98227
98251
98257
98269
98297
98299
98317
98321
98323
98327
98347
98369
98377
98387
98389
98407
98411
98419
98429
98443
98453
98459
98467
98473
98479
98491
98507
98519
98533
98543
98561
98563
98573
98597
98621
98627
98639
98641
98663
98669
98689
98711
98713
98717
98729
98731
98737
98773
98779
98801
98807
98809
98837
98849
98867
98869
98873
98887
98893
98897
98899
98909
98911
98927
98929
98939
98947
98953
98963
98981
98993
98999
99013
99017
99023
99041
99053
99079
99083
99089
99103
99109
99119
99131
99133
99137
99139
99149
99173
99181
99191
99223
99233
99241
99251
99257
99259
99277
99289
99317
99347
99349
99367
99371
99377
99391
99397
99401
99409
99431
99439
99469
99487
99497
99523
99527
99529
99551
99559
99563
99571
99577
99581
99607
99611
99623
99643
99661
99667
99679
99689
99707
99709
99713
99719
99721
99733
99761
99767
99787
99793
99809
99817
99823
99829
99833
99839
99859
99871
99877
99881
99901
99907
99923
99929
99961
99971
99989
99991
